# Created by Octave 5.1.0, Wed Oct 30 12:48:51 2019 -03 <agustin@192.168.1.4>
# name: BetaStdSpeed
# type: matrix
# rows: 10
# columns: 47
 0.090137056046032366 0.10056822584486487 0.14537347820487442 0.18238449527740444 0.20560001816048923 0.25451353482727423 0.28364085693080471 0.31058070316794123 0.32437716152971641 0.34294355025110967 0.34588792710262228 0.35816958872978111 0.36881211613319292 0.39269444750698007 0.41294712903762565 0.42707405059501086 0.42712819359508097 0.42783014297125627 0.42283385743796925 0.41759933785204006 0.42561048708982158 0.4294927743851944 0.44080602163417226 0.45513079325114181 0.47057657705538725 0.478658397738916 0.48142717556545483 0.4786724660192227 0.47842708274745205 0.47344666866211016 0.47197144541651781 0.47473250873483946 0.47662740151866495 0.48418478724601027 0.49578596527116264 0.50815182612187393 0.51753013094984679 0.52542451503268883 0.53093492273147025 0.5295776265922465 0.53139601707018214 0.52790412136092546 0.52352576273380691 0.52228217687248046 0.52235405198843021 0.52274576014547125 0.5265184343552769
 0.082423105824742507 0.14611826493156024 0.12777558006016806 0.20130976741125484 0.2279338760888413 0.26938526635892268 0.30381740387346279 0.31642082510931702 0.33148164314633194 0.34230318013479111 0.34253967208489122 0.34612110582539801 0.36382931168490823 0.38731732236056193 0.40407060878614698 0.41470328930822653 0.41282897772701604 0.40759586091875977 0.40310251228451099 0.40118514060106147 0.40166322926480458 0.41161277710069577 0.42330478931604348 0.43643263305812369 0.44655680312093043 0.45393672462730378 0.45664461233144638 0.45244915315865464 0.44950456619422657 0.44438450825676162 0.44404316493567902 0.44391966822569573 0.44565233678099359 0.45931987053656137 0.46847673183038491 0.47825536894114878 0.4862170693577445 0.49187110726439431 0.49319724478974691 0.49356205938610331 0.49283557683680129 0.49201940940834821 0.48821040366940621 0.48502965603403619 0.48504407953676582 0.48522984792416762 0.49044995626569154
 0.0949400849980091 0.14634316393175226 0.14832970207636811 0.18676216180484165 0.24502026581074704 0.28051178554403144 0.31687851534162403 0.33026649242844436 0.33976087895918466 0.34400050564268303 0.34595296891325589 0.35202313077867081 0.36265421629674893 0.38348760452985209 0.40073713905702268 0.4054032289816531 0.40309431903380427 0.3942996774169179 0.38954633308268877 0.38815037419663695 0.38938791879614804 0.39825447478387616 0.4107915194402682 0.42189085122515674 0.43049618374836923 0.43485824585303401 0.4320882277043217 0.43129736359776388 0.42859722224962399 0.42407785962562089 0.42087742579127546 0.41968088249203439 0.42902311647934865 0.43466389871470551 0.44452515774119233 0.45535502543202899 0.46178226233295427 0.46825733216047799 0.4686669219493515 0.47034496621411259 0.46628747884064314 0.46180118929119018 0.45876656863796605 0.45914504880247026 0.45636092118671301 0.460149447752779 0.46607090161542547
 0.074577293991139521 0.11278719759120055 0.14713625824909252 0.23275290856283512 0.26437848558202498 0.30843165642200621 0.32499005385013058 0.33865827629656936 0.3458287804692336 0.34837945878970561 0.34748321056713916 0.35313199745353302 0.36648556694817902 0.38212929806154494 0.39609379013925083 0.39499760515341409 0.39069615632967752 0.38659264511386388 0.38079107586808975 0.37996771151521685 0.37807423322859762 0.39022309927469317 0.39874316291664225 0.41074500376594214 0.41632251814526239 0.42072453915903374 0.41772848405068969 0.41429118566336703 0.41309591135376461 0.40494840088192746 0.40624525974805231 0.40482810978177736 0.40952809371857835 0.41932015815962154 0.42963317880926771 0.43850734979242312 0.4427661596747372 0.4476726554875165 0.44852601079894761 0.44710223869410737 0.446243790939368 0.44271975339842434 0.43913042427726301 0.43563351169477516 0.43500530578522001 0.44120894487202467 0.44671856627510165
 0.086472955302530144 0.14176129194360715 0.18911835075132347 0.21204671036137668 0.2868734242679033 0.32085481803825622 0.34120918513682424 0.35014027316366764 0.35383450286034368 0.35688999707816982 0.35681179489801362 0.36115595003566719 0.36597034869906403 0.38382833679520323 0.38972201070054513 0.39115902522197687 0.38839286202077294 0.38002035887755231 0.37591789679519716 0.36867390108539627 0.37569760583324407 0.38053110220913094 0.39123708406588614 0.40055368011971376 0.40600253371937273 0.41027787111390518 0.40724195499406846 0.40301276234259586 0.39723387669884375 0.3941663192182806 0.39012855143560732 0.38835953821546382 0.396835160608635 0.4072022194557372 0.41386582350903089 0.4249932968110407 0.43010582121686503 0.4340028491090055 0.43274905529648783 0.43031557176386986 0.42928583186189828 0.42668167423985559 0.4218849764558652 0.42049566279828821 0.42246956479679859 0.42572748715573155 0.43166251012630197
 0.17768356720384099 0.13090933519831188 0.22229265069453272 0.24515578353495779 0.2941937174595865 0.33723918413624759 0.3539365731557319 0.35859852644960405 0.360544119296554 0.35890941764887629 0.36009882674233412 0.36457999161124582 0.37711936483223113 0.38345667332159356 0.38940151871014433 0.38797327737653847 0.38166821035307225 0.37384165324302404 0.36739948008459711 0.36571350880265435 0.36696833857537353 0.37524461475358767 0.38363573069292128 0.3938489536315673 0.39394717480249847 0.39978033646360805 0.39904811149027009 0.39128048607914456 0.38710677051279641 0.38407556921670433 0.37878270886396387 0.38010301902143795 0.38875845185003977 0.39665491783305601 0.40614959739569806 0.41301786795526357 0.41883011113823965 0.41924395249896951 0.42156582415608795 0.42207656692835055 0.41748400737852787 0.41100930844663075 0.41117492109112236 0.41041645040598351 0.41097851058016704 0.41496779934653577 0.42011998222539104
 0.10874283233976356 0.1630304736408856 0.19257031409384137 0.27532013595143839 0.32766678705058455 0.34289638092141544 0.36243285629072536 0.36675920339131796 0.36980750001981921 0.36238804488999937 0.36385082403294305 0.36620400168726214 0.37637828808014717 0.38416499486622258 0.3895013027931028 0.38330240248047415 0.37502883294049311 0.36634048781225714 0.36021515009669358 0.3572464970639917 0.35763428847195955 0.36789285234350383 0.37645871401961573 0.38564367261077465 0.3895788051098561 0.39094060502947725 0.39003899204053188 0.38223512668443077 0.37713515519330892 0.37454349218490013 0.37289982890086298 0.37509730107661327 0.37977750861802068 0.39019551065929103 0.39773701937701761 0.40591666900493217 0.40596428192085354 0.40927116365430039 0.41084481340422918 0.4100143619657648 0.4070107350905498 0.40173413746212544 0.40142198871703999 0.39932953378086256 0.40036510171355655 0.40512182516555406 0.41152912429128319
 0.11914829997771829 0.16254532787205395 0.17836809686746669 0.29496901481311194 0.32946601904185874 0.35295967733947725 0.3688608054438377 0.37381767363191826 0.37654735513969073 0.37195488831142454 0.36980707402082169 0.36696903657613705 0.3743609927001304 0.38573712459955073 0.38591133276628936 0.37843358359667517 0.37363049351887767 0.3640429955524046 0.3573663758825259 0.35046279027744265 0.35462557872761652 0.36405721936333679 0.37429443750352098 0.37772321113223767 0.38200094001074186 0.38372838255026936 0.37629012145817187 0.37605182219654965 0.36839930694530643 0.36489388661036209 0.36483307592500996 0.36632407697430941 0.37263590619383952 0.38302015453751698 0.39163302349722484 0.39567509911643955 0.4032069261558327 0.40436366906891141 0.40580271891164699 0.40057687696968164 0.39882562922101289 0.39249888509041742 0.38959200445225295 0.39054357444886983 0.39491342880413971 0.39876649160305749 0.40388769247608614
