# Created by Octave 5.1.0, Wed Oct 30 12:48:20 2019 -03 <agustin@192.168.1.4>
# name: BetaMeanSpeed
# type: matrix
# rows: 10
# columns: 47
 0.90648099960511874 0.90344426840841663 0.89101460138919186 0.8769387921350319 0.86780188816934412 0.84143731357629925 0.82164461302093039 0.79384103171508391 0.77894277405153134 0.75875636161228199 0.7498213017147376 0.73873427963895921 0.73270886732057439 0.72143971313993149 0.70681029519185745 0.69119271734433274 0.68217586494630078 0.67259941933188694 0.66589553626979547 0.66493461277024457 0.65763140763048911 0.65579260126854566 0.65028517405816988 0.64234022139135882 0.62899624879739435 0.62149901536115637 0.61107547781856231 0.60473002173439816 0.5975183043078639 0.59635212074737742 0.59096975227329329 0.5867622650260419 0.58468129125655377 0.58177128504175801 0.57592349918704178 0.56664196485711993 0.55798782387232149 0.55188333076843743 0.53997807997384051 0.53333450549686701 0.52712960381799989 0.52252335799741456 0.51854926940126522 0.51646394831268172 0.51286496661944303 0.51135043492786536 0.50891554488243673
 0.90504820319201018 0.88668950359666265 0.89271868773047125 0.85988466873524771 0.84272136620705596 0.81070595464939332 0.77446176690266688 0.75331855979280171 0.73154540016178782 0.70963903725448285 0.69959033853878227 0.69086414151976983 0.67828146741689466 0.66129507691617539 0.64730835389409469 0.62697022077144771 0.61409123296279877 0.60761852156609386 0.6012087836115334 0.5972954316297302 0.59291293448744664 0.58703213511703911 0.57986419912872056 0.57074729027576088 0.55872114791409633 0.54806272300152969 0.53815263990457862 0.53211024633710924 0.52713495505370833 0.52323711419775798 0.51912520223417657 0.51553937816266027 0.51486252776979058 0.50599678767393175 0.50050488721162412 0.49341787701592715 0.48432228690906765 0.47721383550124657 0.46885724849182819 0.46140737166783574 0.4562053922399254 0.45065071911979282 0.44676953765785526 0.44472717817569435 0.44140901358404555 0.43988219798670786 0.43674181085341857
 0.89974400189472914 0.88563455280857484 0.88349404131276521 0.86604642707224788 0.82534506366363325 0.78791987025547228 0.73878976122632389 0.71305667336322165 0.68820036182595701 0.66710319539869323 0.65438831897546601 0.64200381722922994 0.63089717069976003 0.61030267405935223 0.586884391943571 0.5704917287797644 0.5587475284874005 0.5492760569080305 0.54336617254091857 0.539212935020425 0.53378091235940062 0.52723442295195977 0.51866676962276859 0.50812537358906007 0.49672166440562665 0.48647703122647479 0.47743629147137445 0.47028909108399886 0.4642066655890898 0.45963105694862305 0.4552802427961819 0.45418198942481441 0.44874773402707957 0.44497896230712891 0.43869233070955727 0.43314101064665667 0.41988913867678684 0.41419912240961604 0.40579389614360795 0.39934117480868769 0.39543151938540161 0.39025608936275213 0.38651580113315342 0.38245100922266928 0.38110088499087436 0.37799465931395354 0.37438037574150629
 0.90713569900179591 0.89620335631718984 0.8802293563761765 0.83332481339050213 0.80108969830350907 0.7377881014253117 0.71304680519073926 0.67794229660736549 0.64686935041720361 0.6264898411802674 0.61537287005825336 0.60099611334622527 0.58474831662798077 0.56827854839376968 0.53857835343577254 0.52186498827325101 0.50902970966189054 0.4981011460185954 0.49198553648339161 0.4878600431658916 0.48372063251402114 0.47497948364802023 0.46848894853581691 0.45387080283464171 0.44167409534229851 0.4318224070349122 0.42404997635807301 0.41677738008126447 0.41054316856090839 0.40633572759760944 0.40132783998926558 0.39956326637170103 0.39551362024276893 0.39141312593462885 0.38384620991289609 0.37608666276477914 0.36810896605803622 0.3595445986900761 0.35308855005795514 0.34726617562007667 0.34105912659645415 0.33796550442418283 0.33334163419309204 0.33116101073987947 0.32909867799089959 0.32467367747641507 0.32213049880045602
 0.90300106578260353 0.88644088153997924 0.86225850911696122 0.84423331427439408 0.7756836846300329 0.71797677572183527 0.68105701221188186 0.64879777952507545 0.61490247470186676 0.5926127814340908 0.57666832692167835 0.5612128763465194 0.5509012218259568 0.52643644687398661 0.49663003150637408 0.47729736402167044 0.46599263772749488 0.45687844357804042 0.44757924709915275 0.44374944746624229 0.43551058665206144 0.42955912597531903 0.42263289595729114 0.40843941410434909 0.39703026464254526 0.3867394346610607 0.37668115612891195 0.37000825136175464 0.36579208826565857 0.36008419087709614 0.35577254056319857 0.35433997450362364 0.34920359083673524 0.34282033213382801 0.33783969262524166 0.3304178913134862 0.32173608103770673 0.31433746562917331 0.30822086398837145 0.30114894237325834 0.29708754357411354 0.29198892574136598 0.28961868158111204 0.28703949709254917 0.28353145060474472 0.2806637178350036 0.27787110447548102
 0.86855693686766566 0.89079625428122322 0.83996808742661033 0.82409388382700199 0.76852556639612513 0.6949688812395709 0.65037888521975618 0.61604437700707437 0.59082642922947282 0.56045795706422585 0.5471533588732278 0.52797715877547602 0.50153125281500877 0.48565271759138601 0.45820379827768493 0.43799582892482897 0.42671924918744919 0.41585354312742517 0.4073665217837254 0.40357126992150566 0.39821587588504231 0.38804851312467753 0.37839786145969384 0.36972057178533907 0.35479956595440065 0.34570923718983659 0.33731572948151534 0.33016303481330878 0.32482901735510317 0.31916233694662804 0.31634931613845985 0.31336735798004739 0.3081066203343083 0.30374964847997077 0.29817778817408613 0.28941408557843984 0.2806880309694908 0.27426064533231614 0.26840236828141434 0.26184162183840404 0.25813205843574127 0.25466390550884577 0.25071689057038604 0.24782187703724917 0.24561681804907379 0.24298424011892436 0.24011290127455751
 0.89800915649417556 0.8758629879103168 0.86020690945557432 0.79378898889014615 0.72069116915148612 0.68533435925127606 0.62027697697530348 0.59097964931607794 0.55744028369646881 0.53664494626748427 0.51813049003235689 0.50119034737844625 0.47935338564954982 0.45514872111619653 0.42421679153126929 0.40629548291988943 0.39355930331020111 0.38116707828900281 0.37480779776360595 0.37035895310484984 0.36546173400502185 0.35649865546807757 0.34833130058547207 0.3337274803453007 0.32093597355569176 0.30973932618381794 0.30148305022275623 0.2943546950976097 0.29053622557681874 0.28552846987364855 0.28135591656919112 0.27786802506080249 0.27368557022392226 0.26741991159875161 0.26250704510009293 0.25515270191578027 0.24609562061106 0.24088199386298295 0.23492273059087437 0.22924843660715427 0.22553216048259445 0.22180769954836416 0.21821548305428401 0.21576388751503123 0.21353218923222686 0.21016208813315942 0.20697802076147814
 0.89494875752800673 0.87837337751452982 0.87030102890458494 0.77315826183737457 0.72107656361050143 0.67644716761188195 0.6056028109444771 0.57186193169687127 0.53684878991561147 0.50857680952750683 0.49279068039814894 0.47637900539772271 0.45729084941365078 0.41976048199783828 0.39643575576333412 0.37671601615799882 0.36365735387505838 0.35180426927877684 0.34451604463939495 0.34030784834428812 0.33300998663047643 0.32481231653395132 0.31256076304150909 0.30025324446056123 0.28810843432274857 0.27990884866634697 0.27177170430249731 0.2639976087864056 0.25963347570464551 0.25568503325543834 0.25075745876540145 0.24820000752772448 0.24286633258210202 0.237444660355287 0.23181577050710248 0.22330507569042579 0.21720519281270595 0.21171529429317923 0.2055743221893101 0.20041267408128613 0.19644270703902517 0.19387881904779505 0.19066294712917711 0.18806634743126396 0.18535720065427808 0.18200536376973619 0.17981961887415607
