# Created by Octave 5.1.0, Wed Oct 30 17:51:45 2019 -03 <agustin@agustins-mbp>
# name: WidthMeanSpeed
# type: matrix
# rows: 5
# columns: 47
 0.89239181582321569 0.89459901475952142 0.83459733378537437 0.74203999070451798 0.70442065505783447 0.7051755806133303 0.65531800278097951 0.58395642275923121 0.51258645532481195 0.44508514406020372 0.41888052892044381 0.39137269208643999 0.37030539445071586 0.35647395377743268 0.34215251905405819 0.33444301981809399 0.32693482717633016 0.31924190611087266 0.31412231160540971 0.30812088081095296 0.30245018465314316 0.29591202035560882 0.28365168474587632 0.27472390557703563 0.26114774742089103 0.2491069999156475 0.23803531600870723 0.22681454182359864 0.22113065485743702 0.21267456048584715 0.20650139238548582 0.19996849898185218 0.19510312124665649 0.18965767433293618 0.18589486346334608 0.18212419606651109 0.17887777669222993 0.17482500428742312 0.17218871765996649 0.16962782786130726 0.16714915712228942 0.16432611019962795 0.16177035530085665 0.15986916969315029 0.15765688201996164 0.15557239427359271 0.15241694011605256
 0 0 0 0 0 0 0 0 0 0 0 0 0 0 0 0 0 0 0 0 0 0 0 0 0 0 0 0 0 0 0 0 0 0 0 0 0 0 0 0 0 0 0 0 0 0 0
 0.90166365143940308 0.88420484523450182 0.84814410678186636 0.79920662493569905 0.76811492547730387 0.71043103648875605 0.65613129802307102 0.60856930071785376 0.56432453856668774 0.50679968236938355 0.47018198078307066 0.43057428861617769 0.41068915153494367 0.39756024136829232 0.38614141091230297 0.36818974347446465 0.35159923211676519 0.33186214163857669 0.32068235338459511 0.31294633694507784 0.30535481114738977 0.29704369091353588 0.28513792936938315 0.27522606336014638 0.2652828224627175 0.2578912742840716 0.2526085839860796 0.24704872452120455 0.24205442442953828 0.23628022605264465 0.22706819119865893 0.21991714151525529 0.2134523280095286 0.20800896232951313 0.20422653818055517 0.2003801782015891 0.19547520496431847 0.19209371447004961 0.18742194469224205 0.18145248161925723 0.17621668232491439 0.1724320744503858 0.16811932461759335 0.16389828719373556 0.16204451062221151 0.15899852308414075 0.15601614586053469
 0.89652527849745844 0.89313808147945772 0.86883071134706014 0.82956967535251869 0.79035582385965997 0.71545006448153137 0.65115945253751395 0.58761171793719291 0.54114693026758154 0.50049848141103759 0.47345341500432986 0.44824075809582953 0.42080054070339323 0.39716940980691712 0.37981899135179598 0.36614873438597534 0.35558992156989044 0.3394000772003456 0.32400543180857494 0.31364586265070171 0.30491883779890555 0.29704664986318841 0.28675476630232322 0.27549898405749501 0.26798017903017279 0.26162873896274985 0.25536270648689025 0.24580316247304537 0.23993151104868488 0.23279343064017116 0.22696624447677674 0.22209593900619337 0.21612797502117903 0.21029003265033705 0.2054835816549028 0.19983252360947409 0.19481480468144405 0.19064560869403141 0.18708467246574947 0.18311225160905856 0.17816109661549717 0.17354693072468269 0.16916926190937248 0.16548964105188049 0.16259156119901205 0.15949242902099875 0.15575175176903913
 0.90352185400328233 0.89435957236221608 0.8679879503472322 0.81821997127014612 0.78570114970573679 0.72020190648371996 0.66956740678070925 0.60430799426579473 0.55271431303959317 0.51026451845651943 0.47483500010909885 0.44245321563884282 0.41957880266386099 0.40242167622703906 0.38191596073461725 0.36630086789466015 0.35243124745680321 0.33991656360079031 0.32579515151485167 0.31545391268761808 0.30449062918046915 0.29665932167281472 0.28580494266830309 0.27680443836890617 0.26922116511638233 0.26138686155531199 0.25452533418205842 0.24648086479092576 0.24032350321827481 0.23412295755481771 0.22786186389381868 0.22104517736703896 0.21581332865765793 0.21059607082847592 0.20539971823353279 0.20064146855542622 0.1958848699918864 0.19094624823512951 0.18679312423885747 0.18267709498002518 0.17865802445886875 0.17417004267410097 0.17026770492934704 0.16606513891924601 0.16236558158042094 0.159190155621213 0.15599878986176033


