# Created by Octave 5.1.0, Wed Oct 30 17:51:45 2019 -03 <agustin@agustins-mbp>
# name: WidthStdSpeed
# type: matrix
# rows: 5
# columns: 47
 0.12172906405787294 0.11509719059734011 0.24006214846573765 0.33432215162401707 0.35472709347662801 0.35684247088592425 0.37479449519011249 0.39294368102581251 0.39566765915165142 0.38165315132918215 0.37667916732529688 0.36475718470202917 0.35600803304641043 0.34709177297458232 0.34206939155382188 0.33180978889387913 0.32829683302661428 0.32658603292988397 0.32407123191836879 0.33048982126555332 0.33191772529296493 0.34110425805615735 0.35851187385524635 0.37168987775572276 0.38348920110911316 0.39766448784100877 0.39818804993347323 0.3974120442146154 0.39707287608755709 0.3949146225015111 0.38931539892247263 0.38708942745506419 0.37932616436638689 0.37710514683608432 0.37278702457255242 0.36594351538324904 0.36239942031201872 0.36391921703878205 0.36117316092385093 0.36001989972325427 0.35753303304855072 0.36110504547058603 0.36447130699943359 0.36564968163007772 0.37388920867491515 0.37841390469829189 0.38691650459309512
 0 0 0 0 0 0 0 0 0 0 0 0 0 0 0 0 0 0 0 0 0 0 0 0 0 0 0 0 0 0 0 0 0 0 0 0 0 0 0 0 0 0 0 0 0 0 0
 0.097766102114521941 0.14728409835993 0.21451263486836358 0.27334741384210365 0.30309502635238195 0.34158415642049622 0.36588681702861159 0.38189294549344638 0.39200240500871802 0.39369625763883098 0.39334468427090002 0.3811415291410794 0.37387783743560438 0.36841000427149573 0.36650157460303068 0.37287998098411562 0.37515230689433959 0.36982109278096764 0.36448090774558184 0.35599282701192486 0.35912030953233237 0.36426674577107004 0.36808054332450707 0.37031160087818815 0.37002522489500239 0.36462837984130214 0.36251558153874569 0.36201591638023084 0.36755691040225219 0.37339584540569543 0.37725379931790654 0.38211871578386436 0.37734818919877683 0.3733926609565249 0.3705559965599084 0.37279026447007269 0.37981091443481346 0.38416199074701424 0.39158307691010524 0.39502664825395145 0.3950724905872825 0.39559663322914107 0.39319503777672166 0.39644557972480016 0.39466880686273298 0.3981329822564933 0.40374509271882658
 0.12020589361458074 0.12727751976126234 0.18327621989490037 0.24534848868728806 0.28787045271536438 0.33919503697678055 0.36840856065961475 0.38380892732247113 0.38765446362458039 0.38777867166233437 0.38299301551222659 0.38185881882018941 0.3814218081161575 0.3781935855305727 0.37124654393198053 0.36801633294437225 0.36755213292406691 0.37106074715188875 0.36860324155187968 0.36429805392642545 0.36283121205940472 0.364878780350813 0.36929526150479713 0.36675462908228718 0.36411429614560348 0.36381588975690443 0.36693522117113325 0.36856174822244936 0.37044579796113325 0.36852355921516255 0.37028977400135699 0.37071824471580939 0.375023623975003 0.37776240032945013 0.3790909232503083 0.38055206050152751 0.38185489781828447 0.38157659355258311 0.38468500949387019 0.38819189789532438 0.39263760410333753 0.39555909998968303 0.3955200635069776 0.39604943302449397 0.39763316712449265 0.39920594158942885 0.40442888906377622
 0.096298042933467234 0.12878204174137287 0.18537078475704263 0.25690303852328222 0.28978340636175698 0.33776366513968192 0.3616390016120008 0.37999266310305035 0.38783388196958835 0.38910026268126752 0.38861924924405189 0.38205305872750406 0.37972681183299517 0.37702668735186917 0.37470145779365605 0.36850925684498254 0.3690678694478971 0.36823458052894742 0.36729608429007465 0.36614146516043733 0.36521801597562292 0.36536691147279066 0.36518295498638859 0.36553162313142323 0.3653688595442407 0.36728768841485621 0.36801750225232333 0.3688571949191205 0.37005488460693298 0.37011283865710526 0.37256445362263862 0.37518312996297615 0.3756650216837964 0.37649087124356539 0.37881824698733596 0.37989375868345798 0.3823823224563847 0.38558428416928531 0.38436199314433034 0.38639105638986565 0.38981438451169553 0.39334016518807147 0.3944724954615223 0.39714007459637224 0.39916459287134354 0.40041472499657732 0.40413648286633924


